{
 "cells": [
  {
   "cell_type": "code",
   "execution_count": 1,
   "id": "80c3d02d",
   "metadata": {},
   "outputs": [
    {
     "name": "stdout",
     "output_type": "stream",
     "text": [
      "■ 전체 수치형 변수 상관관계 행렬 (피어슨)\n",
      "                 최초등록일       등록일     남자종업원     여자종업원  외국인남자종업원  외국인여자종업원     종업원합계    용지면적_x    제조시설면적    부대시설면적    건축면적_x        차수       필지수    공장관리번호    용지면적_y    건축면적_y      제조면적      부대면적  \\\n",
      "최초등록일         1.00e+00  7.76e-01 -3.20e-01 -2.56e-01  2.52e-02  1.44e-02 -3.16e-01  5.82e-03 -2.02e-01 -1.91e-01 -2.24e-01 -1.10e-02  2.62e-02 -1.91e-01 -2.73e-01 -6.75e-02 -1.33e-01  1.01e-01   \n",
      "등록일           7.76e-01  1.00e+00 -1.17e-01 -6.67e-02  1.69e-02  2.75e-02 -1.04e-01  3.79e-02 -4.31e-02 -5.47e-02 -5.60e-02 -4.66e-03  1.17e-01 -1.82e-01 -2.83e-01 -4.68e-02 -1.28e-01  1.43e-01   \n",
      "남자종업원        -3.20e-01 -1.17e-01  1.00e+00  7.27e-01  6.66e-03 -8.54e-03  9.64e-01  1.77e-02  6.17e-01  3.90e-01  5.73e-01  7.54e-03  2.60e-01 -7.12e-02  9.16e-02  5.24e-02  5.41e-02  2.24e-02   \n",
      "여자종업원        -2.56e-01 -6.67e-02  7.27e-01  1.00e+00  1.49e-03  3.24e-02  8.78e-01  8.74e-03  5.27e-01  3.07e-01  4.74e-01 -3.77e-03  1.50e-01 -4.77e-02  4.43e-02 -2.62e-02 -1.39e-02 -3.82e-02   \n",
      "외국인남자종업원      2.52e-02  1.69e-02  6.66e-03  1.49e-03  1.00e+00  5.34e-01  6.39e-02 -1.78e-02  1.14e-01  5.01e-02  9.30e-02  4.76e-03  3.30e-02 -1.07e-02 -3.70e-02 -3.43e-02 -2.51e-02 -3.57e-02   \n",
      "외국인여자종업원      1.44e-02  2.75e-02 -8.54e-03  3.24e-02  5.34e-01  1.00e+00  6.11e-02 -1.23e-02  7.78e-02  5.69e-02  7.68e-02  3.10e-03  4.41e-02  4.41e-03 -3.86e-02 -4.17e-02 -4.10e-02 -2.20e-02   \n",
      "종업원합계        -3.16e-01 -1.04e-01  9.64e-01  8.78e-01  6.39e-02  6.11e-02  1.00e+00  1.44e-02  6.31e-01  3.89e-01  5.80e-01  4.12e-03  2.39e-01 -6.74e-02  7.72e-02  2.38e-02  3.00e-02 -8.77e-04   \n",
      "용지면적_x        5.82e-03  3.79e-02  1.77e-02  8.74e-03 -1.78e-02 -1.23e-02  1.44e-02  1.00e+00  2.95e-02  3.25e-02  3.55e-02  2.72e-03  4.38e-02  2.32e-02  9.48e-02  1.26e-01  1.62e-01 -1.24e-02   \n",
      "제조시설면적       -2.02e-01 -4.31e-02  6.17e-01  5.27e-01  1.14e-01  7.78e-02  6.31e-01  2.95e-02  1.00e+00  5.29e-01  8.69e-01  1.63e-03  4.90e-01 -1.29e-01 -1.16e-02 -6.20e-02 -4.51e-02 -6.51e-02   \n",
      "부대시설면적       -1.91e-01 -5.47e-02  3.90e-01  3.07e-01  5.01e-02  5.69e-02  3.89e-01  3.25e-02  5.29e-01  1.00e+00  8.80e-01  1.27e-03  5.85e-01 -6.48e-02  7.52e-03 -2.38e-02 -7.37e-03 -4.54e-02   \n",
      "건축면적_x       -2.24e-01 -5.60e-02  5.73e-01  4.74e-01  9.30e-02  7.68e-02  5.80e-01  3.55e-02  8.69e-01  8.80e-01  1.00e+00  1.65e-03  6.16e-01 -1.10e-01 -2.12e-03 -4.86e-02 -2.96e-02 -6.29e-02   \n",
      "차수           -1.10e-02 -4.66e-03  7.54e-03 -3.77e-03  4.76e-03  3.10e-03  4.12e-03  2.72e-03  1.63e-03  1.27e-03  1.65e-03  1.00e+00 -1.55e-02 -1.69e-02 -1.78e-02 -6.99e-04 -1.89e-03  2.09e-03   \n",
      "필지수           2.62e-02  1.17e-01  2.60e-01  1.50e-01  3.30e-02  4.41e-02  2.39e-01  4.38e-02  4.90e-01  5.85e-01  6.16e-01 -1.55e-02  1.00e+00 -2.07e-01 -8.35e-02  1.40e-02 -5.23e-05  3.56e-02   \n",
      "공장관리번호       -1.91e-01 -1.82e-01 -7.12e-02 -4.77e-02 -1.07e-02  4.41e-03 -6.74e-02  2.32e-02 -1.29e-01 -6.48e-02 -1.10e-01 -1.69e-02 -2.07e-01  1.00e+00  1.47e-01  7.17e-02  5.04e-02  7.90e-02   \n",
      "용지면적_y       -2.73e-01 -2.83e-01  9.16e-02  4.43e-02 -3.70e-02 -3.86e-02  7.72e-02  9.48e-02 -1.16e-02  7.52e-03 -2.12e-03 -1.78e-02 -8.35e-02  1.47e-01  1.00e+00  5.27e-01  5.10e-01  2.97e-01   \n",
      "건축면적_y       -6.75e-02 -4.68e-02  5.24e-02 -2.62e-02 -3.43e-02 -4.17e-02  2.38e-02  1.26e-01 -6.20e-02 -2.38e-02 -4.86e-02 -6.99e-04  1.40e-02  7.17e-02  5.27e-01  1.00e+00  9.27e-01  6.44e-01   \n",
      "제조면적         -1.33e-01 -1.28e-01  5.41e-02 -1.39e-02 -2.51e-02 -4.10e-02  3.00e-02  1.62e-01 -4.51e-02 -7.37e-03 -2.96e-02 -1.89e-03 -5.23e-05  5.04e-02  5.10e-01  9.27e-01  1.00e+00  3.11e-01   \n",
      "부대면적          1.01e-01  1.43e-01  2.24e-02 -3.82e-02 -3.57e-02 -2.20e-02 -8.77e-04 -1.24e-02 -6.51e-02 -4.54e-02 -6.29e-02  2.09e-03  3.56e-02  7.90e-02  2.97e-01  6.44e-01  3.11e-01  1.00e+00   \n",
      "Unnamed: 17        NaN       NaN       NaN       NaN       NaN       NaN       NaN       NaN       NaN       NaN       NaN       NaN       NaN       NaN       NaN       NaN       NaN       NaN   \n",
      "Unnamed: 18        NaN       NaN       NaN       NaN       NaN       NaN       NaN       NaN       NaN       NaN       NaN       NaN       NaN       NaN       NaN       NaN       NaN       NaN   \n",
      "결산년도          2.64e-01  2.52e-01 -2.80e-02 -4.98e-02 -7.55e-03  1.40e-02 -3.78e-02  4.66e-02 -3.44e-02 -2.73e-02 -3.52e-02  8.12e-03  3.97e-02 -7.70e-02 -6.83e-02 -4.34e-02 -6.72e-02  2.70e-02   \n",
      "총자산          -2.05e-01 -4.45e-02  6.75e-01  4.83e-01  3.62e-03 -9.44e-03  6.47e-01  1.93e-02  6.25e-01  4.30e-01  6.01e-01  6.97e-03  2.75e-01 -9.60e-02  2.45e-02  3.80e-02  4.56e-02  3.26e-03   \n",
      "자본금          -9.42e-02 -4.32e-03  2.49e-01  1.63e-01 -8.15e-03  8.19e-03  2.34e-01 -2.06e-03  1.48e-01  1.34e-01  1.61e-01  4.10e-03  9.71e-02 -1.02e-01 -1.60e-02 -6.80e-03 -8.17e-04 -1.56e-02   \n",
      "자본총계         -1.94e-01 -4.89e-02  6.37e-01  4.38e-01 -5.23e-03 -9.35e-03  6.04e-01  2.23e-02  5.71e-01  3.02e-01  4.96e-01  6.76e-03  2.42e-01 -8.21e-02  3.35e-02  3.89e-02  4.51e-02  6.57e-03   \n",
      "매출액          -2.33e-01 -5.99e-02  7.48e-01  6.05e-01 -3.17e-03  8.06e-04  7.44e-01  4.61e-02  6.46e-01  3.81e-01  5.84e-01  9.98e-03  2.34e-01 -8.80e-02  1.00e-01  7.10e-02  7.66e-02  2.38e-02   \n",
      "영업이익         -6.97e-02 -5.14e-02  1.26e-01  5.53e-02  9.17e-03  9.28e-03  1.08e-01  4.29e-02 -2.37e-02 -1.88e-01 -1.23e-01  3.05e-03 -1.49e-01  6.57e-02  5.93e-02  4.58e-02  3.85e-02  3.76e-02   \n",
      "당기순이익        -2.58e-02 -2.74e-02  6.40e-02  9.64e-03  1.69e-02  4.46e-03  4.88e-02  3.70e-02  2.12e-02 -6.43e-02 -2.57e-02  3.31e-03 -1.27e-01  4.94e-02  3.71e-02 -7.36e-04  1.23e-03 -4.38e-03   \n",
      "총부채          -1.79e-01 -2.84e-02  5.89e-01  4.49e-01  1.63e-02 -7.58e-03  5.76e-01  1.05e-02  5.75e-01  5.34e-01  6.34e-01  5.81e-03  2.65e-01 -9.68e-02  5.53e-03  2.85e-02  3.66e-02 -2.47e-03   \n",
      "부채비율         -1.77e-02 -4.13e-02 -1.74e-02  3.92e-03 -1.22e-03 -2.45e-03 -1.08e-02 -4.47e-03 -3.52e-03 -6.06e-03 -5.51e-03  2.05e-04  1.16e-03  1.38e-02 -2.30e-02 -3.88e-02 -3.06e-02 -3.60e-02   \n",
      "D/E비율        -1.77e-02 -4.13e-02 -1.74e-02  3.92e-03 -1.22e-03 -2.45e-03 -1.08e-02 -4.47e-03 -3.52e-03 -6.06e-03 -5.51e-03  2.05e-04  1.16e-03  1.38e-02 -2.30e-02 -3.88e-02 -3.06e-02 -3.60e-02   \n",
      "자기자본비율       -7.26e-02 -5.42e-02  5.91e-02  7.69e-03  1.59e-02 -1.11e-02  4.41e-02  1.68e-03  1.62e-02  3.01e-02  2.67e-02  4.69e-03  7.34e-03  4.79e-02  3.22e-02  2.10e-02  3.63e-02 -2.10e-02   \n",
      "총자산수익률        3.40e-03  2.10e-03 -2.26e-03 -2.08e-02  2.15e-03  1.50e-03 -9.18e-03 -2.08e-03 -3.53e-03 -8.14e-03 -6.72e-03  1.28e-03 -2.00e-03  5.21e-02  6.85e-03  9.80e-03  5.12e-03  1.44e-02   \n",
      "영업이익률        -5.96e-02 -5.16e-02  3.34e-02  4.17e-02  1.36e-02  1.24e-02  3.96e-02  1.65e-02  3.28e-02 -5.71e-03  1.50e-02 -3.13e-03 -6.92e-03 -4.99e-02  5.71e-02  7.87e-02  7.62e-02  4.39e-02   \n",
      "순이익률         -4.94e-02 -4.39e-02  3.00e-02  3.26e-02  1.46e-02  1.04e-02  3.39e-02  1.38e-02  3.08e-02 -6.56e-03  1.34e-02 -2.09e-03 -6.96e-03 -4.87e-02  5.08e-02  7.15e-02  6.95e-02  3.95e-02   \n",
      "자산회전율         4.43e-02  3.24e-02 -2.09e-02 -1.91e-02 -5.97e-03 -4.34e-03 -2.20e-02  3.93e-03 -3.52e-02 -3.13e-02 -3.80e-02  5.11e-03 -2.02e-02  1.93e-02 -2.11e-02 -1.13e-02 -1.97e-02  1.15e-02   \n",
      "1인당매출         2.74e-02  1.90e-02 -1.93e-02 -5.14e-02 -4.72e-02 -3.72e-02 -3.58e-02  1.94e-02  9.30e-04  7.59e-02  4.49e-02  1.76e-02  1.45e-02 -6.91e-02  1.66e-02  6.59e-02  5.92e-02  4.55e-02   \n",
      "1인당순이익        2.36e-02  4.72e-03 -5.25e-02 -4.99e-02  2.82e-03 -7.08e-03 -5.52e-02  2.79e-02 -1.15e-01 -1.51e-01 -1.52e-01  9.52e-03 -1.42e-01  3.55e-02  1.59e-02  1.25e-02  1.76e-03  2.79e-02   \n",
      "평균 단위면적당 매매가 -7.15e-02 -4.90e-02  1.32e-01  6.87e-02  8.99e-03  2.12e-02  1.18e-01 -1.84e-02  3.23e-02  1.03e-01  7.84e-02 -5.16e-03  7.61e-02 -2.90e-01 -2.14e-02  9.95e-02  1.28e-01 -8.97e-03   \n",
      "면적 * 평당매매가   -2.19e-01 -5.44e-02  5.76e-01  4.64e-01  8.06e-02  6.94e-02  5.78e-01  3.37e-02  8.49e-01  8.85e-01  9.92e-01  1.46e-03  6.48e-01 -1.38e-01 -1.22e-02 -3.90e-02 -1.72e-02 -6.37e-02   \n",
      "cluster      -1.82e-01 -1.66e-01  6.03e-02  3.88e-02  5.96e-02  2.28e-02  5.95e-02  5.94e-03  1.01e-01  1.09e-01  1.20e-01 -1.70e-02  7.09e-02 -3.61e-02 -6.80e-02  7.05e-02  1.05e-01 -3.55e-02   \n",
      "\n",
      "              Unnamed: 17  Unnamed: 18      결산년도       총자산       자본금      자본총계       매출액      영업이익     당기순이익       총부채      부채비율     D/E비율    자기자본비율    총자산수익률     영업이익률      순이익률     자산회전율  \\\n",
      "최초등록일                 NaN          NaN  2.64e-01 -2.05e-01 -9.42e-02 -1.94e-01 -2.33e-01 -6.97e-02 -2.58e-02 -1.79e-01 -1.77e-02 -1.77e-02 -7.26e-02  3.40e-03 -5.96e-02 -4.94e-02  4.43e-02   \n",
      "등록일                   NaN          NaN  2.52e-01 -4.45e-02 -4.32e-03 -4.89e-02 -5.99e-02 -5.14e-02 -2.74e-02 -2.84e-02 -4.13e-02 -4.13e-02 -5.42e-02  2.10e-03 -5.16e-02 -4.39e-02  3.24e-02   \n",
      "남자종업원                 NaN          NaN -2.80e-02  6.75e-01  2.49e-01  6.37e-01  7.48e-01  1.26e-01  6.40e-02  5.89e-01 -1.74e-02 -1.74e-02  5.91e-02 -2.26e-03  3.34e-02  3.00e-02 -2.09e-02   \n",
      "여자종업원                 NaN          NaN -4.98e-02  4.83e-01  1.63e-01  4.38e-01  6.05e-01  5.53e-02  9.64e-03  4.49e-01  3.92e-03  3.92e-03  7.69e-03 -2.08e-02  4.17e-02  3.26e-02 -1.91e-02   \n",
      "외국인남자종업원              NaN          NaN -7.55e-03  3.62e-03 -8.15e-03 -5.23e-03 -3.17e-03  9.17e-03  1.69e-02  1.63e-02 -1.22e-03 -1.22e-03  1.59e-02  2.15e-03  1.36e-02  1.46e-02 -5.97e-03   \n",
      "외국인여자종업원              NaN          NaN  1.40e-02 -9.44e-03  8.19e-03 -9.35e-03  8.06e-04  9.28e-03  4.46e-03 -7.58e-03 -2.45e-03 -2.45e-03 -1.11e-02  1.50e-03  1.24e-02  1.04e-02 -4.34e-03   \n",
      "종업원합계                 NaN          NaN -3.78e-02  6.47e-01  2.34e-01  6.04e-01  7.44e-01  1.08e-01  4.88e-02  5.76e-01 -1.08e-02 -1.08e-02  4.41e-02 -9.18e-03  3.96e-02  3.39e-02 -2.20e-02   \n",
      "용지면적_x                NaN          NaN  4.66e-02  1.93e-02 -2.06e-03  2.23e-02  4.61e-02  4.29e-02  3.70e-02  1.05e-02 -4.47e-03 -4.47e-03  1.68e-03 -2.08e-03  1.65e-02  1.38e-02  3.93e-03   \n",
      "제조시설면적                NaN          NaN -3.44e-02  6.25e-01  1.48e-01  5.71e-01  6.46e-01 -2.37e-02  2.12e-02  5.75e-01 -3.52e-03 -3.52e-03  1.62e-02 -3.53e-03  3.28e-02  3.08e-02 -3.52e-02   \n",
      "부대시설면적                NaN          NaN -2.73e-02  4.30e-01  1.34e-01  3.02e-01  3.81e-01 -1.88e-01 -6.43e-02  5.34e-01 -6.06e-03 -6.06e-03  3.01e-02 -8.14e-03 -5.71e-03 -6.56e-03 -3.13e-02   \n",
      "건축면적_x                NaN          NaN -3.52e-02  6.01e-01  1.61e-01  4.96e-01  5.84e-01 -1.23e-01 -2.57e-02  6.34e-01 -5.51e-03 -5.51e-03  2.67e-02 -6.72e-03  1.50e-02  1.34e-02 -3.80e-02   \n",
      "차수                    NaN          NaN  8.12e-03  6.97e-03  4.10e-03  6.76e-03  9.98e-03  3.05e-03  3.31e-03  5.81e-03  2.05e-04  2.05e-04  4.69e-03  1.28e-03 -3.13e-03 -2.09e-03  5.11e-03   \n",
      "필지수                   NaN          NaN  3.97e-02  2.75e-01  9.71e-02  2.42e-01  2.34e-01 -1.49e-01 -1.27e-01  2.65e-01  1.16e-03  1.16e-03  7.34e-03 -2.00e-03 -6.92e-03 -6.96e-03 -2.02e-02   \n",
      "공장관리번호                NaN          NaN -7.70e-02 -9.60e-02 -1.02e-01 -8.21e-02 -8.80e-02  6.57e-02  4.94e-02 -9.68e-02  1.38e-02  1.38e-02  4.79e-02  5.21e-02 -4.99e-02 -4.87e-02  1.93e-02   \n",
      "용지면적_y                NaN          NaN -6.83e-02  2.45e-02 -1.60e-02  3.35e-02  1.00e-01  5.93e-02  3.71e-02  5.53e-03 -2.30e-02 -2.30e-02  3.22e-02  6.85e-03  5.71e-02  5.08e-02 -2.11e-02   \n",
      "건축면적_y                NaN          NaN -4.34e-02  3.80e-02 -6.80e-03  3.89e-02  7.10e-02  4.58e-02 -7.36e-04  2.85e-02 -3.88e-02 -3.88e-02  2.10e-02  9.80e-03  7.87e-02  7.15e-02 -1.13e-02   \n",
      "제조면적                  NaN          NaN -6.72e-02  4.56e-02 -8.17e-04  4.51e-02  7.66e-02  3.85e-02  1.23e-03  3.66e-02 -3.06e-02 -3.06e-02  3.63e-02  5.12e-03  7.62e-02  6.95e-02 -1.97e-02   \n",
      "부대면적                  NaN          NaN  2.70e-02  3.26e-03 -1.56e-02  6.57e-03  2.38e-02  3.76e-02 -4.38e-03 -2.47e-03 -3.60e-02 -3.60e-02 -2.10e-02  1.44e-02  4.39e-02  3.95e-02  1.15e-02   \n",
      "Unnamed: 17           NaN          NaN       NaN       NaN       NaN       NaN       NaN       NaN       NaN       NaN       NaN       NaN       NaN       NaN       NaN       NaN       NaN   \n",
      "Unnamed: 18           NaN          NaN       NaN       NaN       NaN       NaN       NaN       NaN       NaN       NaN       NaN       NaN       NaN       NaN       NaN       NaN       NaN   \n",
      "결산년도                  NaN          NaN  1.00e+00 -1.84e-02 -1.72e-02 -1.22e-02 -3.01e-02 -3.09e-02 -7.13e-03 -2.39e-02 -3.88e-02 -3.88e-02 -5.28e-02 -1.33e-02 -6.29e-02 -5.46e-02 -3.24e-03   \n",
      "총자산                   NaN          NaN -1.84e-02  1.00e+00  4.76e-01  9.46e-01  8.13e-01  3.13e-02  2.28e-03  8.70e-01 -1.16e-02 -1.16e-02  6.12e-02 -2.52e-03  1.97e-02  4.72e-02 -3.22e-02   \n",
      "자본금                   NaN          NaN -1.72e-02  4.76e-01  1.00e+00  4.44e-01  3.15e-01 -2.54e-01 -3.81e-01  4.25e-01 -7.12e-03 -7.12e-03  3.03e-02 -6.60e-03  2.03e-03  1.51e-03 -1.85e-02   \n",
      "자본총계                  NaN          NaN -1.22e-02  9.46e-01  4.44e-01  1.00e+00  7.53e-01  7.89e-02  6.06e-02  6.64e-01 -1.15e-02 -1.15e-02  9.27e-02  2.11e-05  1.43e-02  5.73e-02 -2.53e-02   \n",
      "매출액                   NaN          NaN -3.01e-02  8.13e-01  3.15e-01  7.53e-01  1.00e+00  2.77e-01  1.73e-01  7.32e-01 -1.15e-02 -1.15e-02  6.77e-02  3.05e-03  4.41e-02  3.73e-02 -5.26e-03   \n",
      "영업이익                  NaN          NaN -3.09e-02  3.13e-02 -2.54e-01  7.89e-02  2.77e-01  1.00e+00  7.98e-01 -4.77e-02 -1.27e-03 -1.27e-03  4.92e-02  2.76e-02  8.36e-02  6.45e-02  1.23e-02   \n",
      "당기순이익                 NaN          NaN -7.13e-03  2.28e-03 -3.81e-01  6.06e-02  1.73e-01  7.98e-01  1.00e+00 -8.69e-02  1.73e-04  1.73e-04  4.32e-02  3.16e-02  6.00e-02  1.04e-01  9.17e-03   \n",
      "총부채                   NaN          NaN -2.39e-02  8.70e-01  4.25e-01  6.64e-01  7.32e-01 -4.77e-02 -8.69e-02  1.00e+00 -9.15e-03 -9.15e-03  3.12e-04 -5.86e-03  2.37e-02  2.18e-02 -3.59e-02   \n",
      "부채비율                  NaN          NaN -3.88e-02 -1.16e-02 -7.12e-03 -1.15e-02 -1.15e-02 -1.27e-03  1.73e-04 -9.15e-03  1.00e+00  1.00e+00 -1.17e-02  1.93e-03 -4.23e-04  3.76e-04  3.11e-03   \n",
      "D/E비율                 NaN          NaN -3.88e-02 -1.16e-02 -7.12e-03 -1.15e-02 -1.15e-02 -1.27e-03  1.73e-04 -9.15e-03  1.00e+00  1.00e+00 -1.17e-02  1.93e-03 -4.23e-04  3.76e-04  3.11e-03   \n",
      "자기자본비율                NaN          NaN -5.28e-02  6.12e-02  3.03e-02  9.27e-02  6.77e-02  4.92e-02  4.32e-02  3.12e-04 -1.17e-02 -1.17e-02  1.00e+00  2.51e-01  1.10e-01  1.10e-01  2.53e-02   \n",
      "총자산수익률                NaN          NaN -1.33e-02 -2.52e-03 -6.60e-03  2.11e-05  3.05e-03  2.76e-02  3.16e-02 -5.86e-03  1.93e-03  1.93e-03  2.51e-01  1.00e+00  6.85e-02  6.73e-02  8.76e-01   \n",
      "영업이익률                 NaN          NaN -6.29e-02  1.97e-02  2.03e-03  1.43e-02  4.41e-02  8.36e-02  6.00e-02  2.37e-02 -4.23e-04 -4.23e-04  1.10e-01  6.85e-02  1.00e+00  9.70e-01  2.84e-02   \n",
      "순이익률                  NaN          NaN -5.46e-02  4.72e-02  1.51e-03  5.73e-02  3.73e-02  6.45e-02  1.04e-01  2.18e-02  3.76e-04  3.76e-04  1.10e-01  6.73e-02  9.70e-01  1.00e+00  2.47e-02   \n",
      "자산회전율                 NaN          NaN -3.24e-03 -3.22e-02 -1.85e-02 -2.53e-02 -5.26e-03  1.23e-02  9.17e-03 -3.59e-02  3.11e-03  3.11e-03  2.53e-02  8.76e-01  2.84e-02  2.47e-02  1.00e+00   \n",
      "1인당매출                 NaN          NaN -9.29e-03  2.11e-01  9.88e-02  1.55e-01  3.38e-01  1.13e-01  5.50e-02  2.52e-01 -6.00e-04 -6.00e-04  8.43e-02  1.50e-02  8.00e-02  7.37e-02  2.32e-02   \n",
      "1인당순이익                NaN          NaN -1.00e-02 -6.61e-02 -1.77e-01  3.14e-02  2.53e-02  5.56e-01  6.36e-01 -2.00e-01  5.27e-03  5.27e-03  1.27e-01  5.95e-02  1.26e-01  1.52e-01  2.60e-02   \n",
      "평균 단위면적당 매매가          NaN          NaN -3.37e-02  8.83e-02  4.81e-02  6.78e-02  9.91e-02 -9.93e-03 -2.35e-02  1.01e-01 -1.08e-02 -1.08e-02  3.00e-02 -3.95e-02  3.33e-02  3.66e-02 -3.81e-02   \n",
      "면적 * 평당매매가            NaN          NaN -3.13e-02  6.01e-01  1.62e-01  4.96e-01  5.77e-01 -1.29e-01 -3.64e-02  6.33e-01 -6.49e-03 -6.49e-03  2.88e-02 -6.94e-03  1.53e-02  1.40e-02 -3.70e-02   \n",
      "cluster               NaN          NaN -9.94e-02  8.43e-02  4.11e-02  6.22e-02  7.40e-02  1.96e-03 -8.14e-03  1.00e-01 -4.96e-02 -4.96e-02  1.21e-02 -5.74e-02  3.17e-02  3.69e-02 -5.46e-02   \n",
      "\n",
      "                 1인당매출    1인당순이익  평균 단위면적당 매매가  면적 * 평당매매가   cluster  \n",
      "최초등록일         2.74e-02  2.36e-02     -7.15e-02   -2.19e-01 -1.82e-01  \n",
      "등록일           1.90e-02  4.72e-03     -4.90e-02   -5.44e-02 -1.66e-01  \n",
      "남자종업원        -1.93e-02 -5.25e-02      1.32e-01    5.76e-01  6.03e-02  \n",
      "여자종업원        -5.14e-02 -4.99e-02      6.87e-02    4.64e-01  3.88e-02  \n",
      "외국인남자종업원     -4.72e-02  2.82e-03      8.99e-03    8.06e-02  5.96e-02  \n",
      "외국인여자종업원     -3.72e-02 -7.08e-03      2.12e-02    6.94e-02  2.28e-02  \n",
      "종업원합계        -3.58e-02 -5.52e-02      1.18e-01    5.78e-01  5.95e-02  \n",
      "용지면적_x        1.94e-02  2.79e-02     -1.84e-02    3.37e-02  5.94e-03  \n",
      "제조시설면적        9.30e-04 -1.15e-01      3.23e-02    8.49e-01  1.01e-01  \n",
      "부대시설면적        7.59e-02 -1.51e-01      1.03e-01    8.85e-01  1.09e-01  \n",
      "건축면적_x        4.49e-02 -1.52e-01      7.84e-02    9.92e-01  1.20e-01  \n",
      "차수            1.76e-02  9.52e-03     -5.16e-03    1.46e-03 -1.70e-02  \n",
      "필지수           1.45e-02 -1.42e-01      7.61e-02    6.48e-01  7.09e-02  \n",
      "공장관리번호       -6.91e-02  3.55e-02     -2.90e-01   -1.38e-01 -3.61e-02  \n",
      "용지면적_y        1.66e-02  1.59e-02     -2.14e-02   -1.22e-02 -6.80e-02  \n",
      "건축면적_y        6.59e-02  1.25e-02      9.95e-02   -3.90e-02  7.05e-02  \n",
      "제조면적          5.92e-02  1.76e-03      1.28e-01   -1.72e-02  1.05e-01  \n",
      "부대면적          4.55e-02  2.79e-02     -8.97e-03   -6.37e-02 -3.55e-02  \n",
      "Unnamed: 17        NaN       NaN           NaN         NaN       NaN  \n",
      "Unnamed: 18        NaN       NaN           NaN         NaN       NaN  \n",
      "결산년도         -9.29e-03 -1.00e-02     -3.37e-02   -3.13e-02 -9.94e-02  \n",
      "총자산           2.11e-01 -6.61e-02      8.83e-02    6.01e-01  8.43e-02  \n",
      "자본금           9.88e-02 -1.77e-01      4.81e-02    1.62e-01  4.11e-02  \n",
      "자본총계          1.55e-01  3.14e-02      6.78e-02    4.96e-01  6.22e-02  \n",
      "매출액           3.38e-01  2.53e-02      9.91e-02    5.77e-01  7.40e-02  \n",
      "영업이익          1.13e-01  5.56e-01     -9.93e-03   -1.29e-01  1.96e-03  \n",
      "당기순이익         5.50e-02  6.36e-01     -2.35e-02   -3.64e-02 -8.14e-03  \n",
      "총부채           2.52e-01 -2.00e-01      1.01e-01    6.33e-01  1.00e-01  \n",
      "부채비율         -6.00e-04  5.27e-03     -1.08e-02   -6.49e-03 -4.96e-02  \n",
      "D/E비율        -6.00e-04  5.27e-03     -1.08e-02   -6.49e-03 -4.96e-02  \n",
      "자기자본비율        8.43e-02  1.27e-01      3.00e-02    2.88e-02  1.21e-02  \n",
      "총자산수익률        1.50e-02  5.95e-02     -3.95e-02   -6.94e-03 -5.74e-02  \n",
      "영업이익률         8.00e-02  1.26e-01      3.33e-02    1.53e-02  3.17e-02  \n",
      "순이익률          7.37e-02  1.52e-01      3.66e-02    1.40e-02  3.69e-02  \n",
      "자산회전율         2.32e-02  2.60e-02     -3.81e-02   -3.70e-02 -5.46e-02  \n",
      "1인당매출         1.00e+00  2.17e-01      4.54e-02    4.55e-02  5.42e-02  \n",
      "1인당순이익        2.17e-01  1.00e+00     -2.94e-02   -1.63e-01 -6.33e-03  \n",
      "평균 단위면적당 매매가  4.54e-02 -2.94e-02      1.00e+00    1.55e-01  4.89e-01  \n",
      "면적 * 평당매매가    4.55e-02 -1.63e-01      1.55e-01    1.00e+00  1.54e-01  \n",
      "cluster       5.42e-02 -6.33e-03      4.89e-01    1.54e-01  1.00e+00  \n"
     ]
    },
    {
     "data": {
